150,150,150,150,150,150,150,150,150,150,150,150,150,150,150,150,150,150,150,150,150,150,150,150,150,150,150,150,150,150,150,150,150,150,150,150,150,150,150,150,150,150,150,150,150,150,150,150,150,150,150,150,150,150,150,150,150,150,150,150,150,150,150,150,150,150,150,150,150,150,150,150,150,150,150,150,150,150,150,150,150,150,150,150,150,150,150,150,150,150,150
162.5,162.5,162.5,162.5,162.5,162.5,162.5,162.5,162.5,162.5,162.5,162.5,162.5,162.5,162.5,162.5,162.5,162.5,162.5,162.5,162.5,162.5,162.5,162.5,162.5,162.5,162.5,162.5,162.5,162.5,162.5,162.5,162.5,162.5,162.5,162.5,162.5,162.5,162.5,162.5,162.5,162.5,162.5,162.5,162.5,162.5,162.5,162.5,162.5,162.5,162.5,162.5,162.5,162.5,162.5,162.5,162.5,162.5,162.5,162.5,162.5,162.5,162.5,162.5,162.5,162.5,162.5,162.5,162.5,162.5,162.5,162.5,162.5,162.5,162.5,162.5,162.5,162.5,162.5,162.5,162.5,162.5,162.5,162.5,162.5,162.5,162.5,162.5,162.5,162.5,162.5
175,175,175,175,175,175,175,175,175,175,175,175,175,175,175,175,175,175,175,175,175,175,175,175,175,175,175,175,175,175,175,175,175,175,175,175,175,175,175,175,175,175,175,175,175,175,175,175,175,175,175,175,175,175,175,175,175,175,175,175,175,175,175,175,175,175,175,175,175,175,175,175,175,175,175,175,175,175,175,175,175,175,175,175,175,175,175,175,175,175,175
187.5,187.5,187.5,187.5,187.5,187.5,187.5,187.5,187.5,187.5,187.5,187.5,187.5,187.5,187.5,187.5,187.5,187.5,187.5,187.5,187.5,187.5,187.5,187.5,187.5,187.5,187.5,187.5,187.5,187.5,187.5,187.5,187.5,187.5,187.5,187.5,187.5,187.5,187.5,187.5,187.5,187.5,187.5,187.5,187.5,187.5,187.5,187.5,187.5,187.5,187.5,187.5,187.5,187.5,187.5,187.5,187.5,187.5,187.5,187.5,187.5,187.5,187.5,187.5,187.5,187.5,187.5,187.5,187.5,187.5,187.5,187.5,187.5,187.5,187.5,187.5,187.5,187.5,187.5,187.5,187.5,187.5,187.5,187.5,187.5,187.5,187.5,187.5,187.5,187.5,187.5
200,200,200,200,200,200,200,200,200,200,200,200,200,200,200,200,200,200,200,200,200,200,200,200,200,200,200,200,200,200,200,200,200,200,200,200,200,200,200,200,200,200,200,200,200,200,200,200,200,200,200,200,200,200,200,200,200,200,200,200,200,200,200,200,200,200,200,200,200,200,200,200,200,200,200,200,200,200,200,200,200,200,200,200,200,200,200,200,200,200,200
212.5,212.5,212.5,212.5,212.5,212.5,212.5,212.5,212.5,212.5,212.5,212.5,212.5,212.5,212.5,212.5,212.5,212.5,212.5,212.5,212.5,212.5,212.5,212.5,212.5,212.5,212.5,212.5,212.5,212.5,212.5,212.5,212.5,212.5,212.5,212.5,212.5,212.5,212.5,212.5,212.5,212.5,212.5,212.5,212.5,212.5,212.5,212.5,212.5,212.5,212.5,212.5,212.5,212.5,212.5,212.5,212.5,212.5,212.5,212.5,212.5,212.5,212.5,212.5,212.5,212.5,212.5,212.5,212.5,212.5,212.5,212.5,212.5,212.5,212.5,212.5,212.5,212.5,212.5,212.5,212.5,212.5,212.5,212.5,212.5,212.5,212.5,212.5,212.5,212.5,212.5
225,225,225,225,225,225,225,225,225,225,225,225,225,225,225,225,225,225,225,225,225,225,225,225,225,225,225,225,225,225,225,225,225,225,225,225,225,225,225,225,225,225,225,225,225,225,225,225,225,225,225,225,225,225,225,225,225,225,225,225,225,225,225,225,225,225,225,225,225,225,225,225,225,225,225,225,225,225,225,225,225,225,225,225,225,225,225,225,225,225,225
237.5,237.5,237.5,237.5,237.5,237.5,237.5,237.5,237.5,237.5,237.5,237.5,237.5,237.5,237.5,237.5,237.5,237.5,237.5,237.5,237.5,237.5,237.5,237.5,237.5,237.5,237.5,237.5,237.5,237.5,237.5,237.5,237.5,237.5,237.5,237.5,237.5,237.5,237.5,237.5,237.5,237.5,237.5,237.5,237.5,237.5,237.5,237.5,237.5,237.5,237.5,237.5,237.5,237.5,237.5,237.5,237.5,237.5,237.5,237.5,237.5,237.5,237.5,237.5,237.5,237.5,237.5,237.5,237.5,237.5,237.5,237.5,237.5,237.5,237.5,237.5,237.5,237.5,237.5,237.5,237.5,237.5,237.5,237.5,237.5,237.5,237.5,237.5,237.5,237.5,237.5
250,250,250,250,250,250,250,250,250,250,250,250,250,250,250,250,250,250,250,250,250,250,250,250,250,250,250,250,250,250,250,250,250,250,250,250,250,250,250,250,250,250,250,250,250,250,250,250,250,250,250,250,250,250,250,250,250,250,250,250,250,250,250,250,250,250,250,250,250,250,250,250,250,250,250,250,250,250,250,250,250,250,250,250,250,250,250,250,250,250,250
262.5,262.5,262.5,262.5,262.5,262.5,262.5,262.5,262.5,262.5,262.5,262.5,262.5,262.5,262.5,262.5,262.5,262.5,262.5,262.5,262.5,262.5,262.5,262.5,262.5,262.5,262.5,262.5,262.5,262.5,262.5,262.5,262.5,262.5,262.5,262.5,262.5,262.5,262.5,262.5,262.5,262.5,262.5,262.5,262.5,262.5,262.5,262.5,262.5,262.5,262.5,262.5,262.5,262.5,262.5,262.5,262.5,262.5,262.5,262.5,262.5,262.5,262.5,262.5,262.5,262.5,262.5,262.5,262.5,262.5,262.5,262.5,262.5,262.5,262.5,262.5,262.5,262.5,262.5,262.5,262.5,262.5,262.5,262.5,262.5,262.5,262.5,262.5,262.5,262.5,262.5
275,275,275,275,275,275,275,275,275,275,275,275,275,275,275,275,275,275,275,275,275,275,275,275,275,275,275,275,275,275,275,275,275,275,275,275,275,275,275,275,275,275,275,275,275,275,275,275,275,275,275,275,275,275,275,275,275,275,275,275,275,275,275,275,275,275,275,275,275,275,275,275,275,275,275,275,275,275,275,275,275,275,275,275,275,275,275,275,275,275,275
287.5,287.5,287.5,287.5,287.5,287.5,287.5,287.5,287.5,287.5,287.5,287.5,287.5,287.5,287.5,287.5,287.5,287.5,287.5,287.5,287.5,287.5,287.5,287.5,287.5,287.5,287.5,287.5,287.5,287.5,287.5,287.5,287.5,287.5,287.5,287.5,287.5,287.5,287.5,287.5,287.5,287.5,287.5,287.5,287.5,287.5,287.5,287.5,287.5,287.5,287.5,287.5,287.5,287.5,287.5,287.5,287.5,287.5,287.5,287.5,287.5,287.5,287.5,287.5,287.5,287.5,287.5,287.5,287.5,287.5,287.5,287.5,287.5,287.5,287.5,287.5,287.5,287.5,287.5,287.5,287.5,287.5,287.5,287.5,287.5,287.5,287.5,287.5,287.5,287.5,287.5
300,300,300,300,300,300,300,300,300,300,300,300,300,300,300,300,300,300,300,300,300,300,300,300,300,300,300,300,300,300,300,300,300,300,300,300,300,300,300,300,300,300,300,300,300,300,300,300,300,300,300,300,300,300,300,300,300,300,300,300,300,300,300,300,300,300,300,300,300,300,300,300,300,300,300,300,300,300,300,300,300,300,300,300,300,300,300,300,300,300,300
312.5,312.5,312.5,312.5,312.5,312.5,312.5,312.5,312.5,312.5,312.5,312.5,312.5,312.5,312.5,312.5,312.5,312.5,312.5,312.5,312.5,312.5,312.5,312.5,312.5,312.5,312.5,312.5,312.5,312.5,312.5,312.5,312.5,312.5,312.5,312.5,312.5,312.5,312.5,312.5,312.5,312.5,312.5,312.5,312.5,312.5,312.5,312.5,312.5,312.5,312.5,312.5,312.5,312.5,312.5,312.5,312.5,312.5,312.5,312.5,312.5,312.5,312.5,312.5,312.5,312.5,312.5,312.5,312.5,312.5,312.5,312.5,312.5,312.5,312.5,312.5,312.5,312.5,312.5,312.5,312.5,312.5,312.5,312.5,312.5,312.5,312.5,312.5,312.5,312.5,312.5
325,325,325,325,325,325,325,325,325,325,325,325,325,325,325,325,325,325,325,325,325,325,325,325,325,325,325,325,325,325,325,325,325,325,325,325,325,325,325,325,325,325,325,325,325,325,325,325,325,325,325,325,325,325,325,325,325,325,325,325,325,325,325,325,325,325,325,325,325,325,325,325,325,325,325,325,325,325,325,325,325,325,325,325,325,325,325,325,325,325,325
337.5,337.5,337.5,337.5,337.5,337.5,337.5,337.5,337.5,337.5,337.5,337.5,337.5,337.5,337.5,337.5,337.5,337.5,337.5,337.5,337.5,337.5,337.5,337.5,337.5,337.5,337.5,337.5,337.5,337.5,337.5,337.5,337.5,337.5,337.5,337.5,337.5,337.5,337.5,337.5,337.5,337.5,337.5,337.5,337.5,337.5,337.5,337.5,337.5,337.5,337.5,337.5,337.5,337.5,337.5,337.5,337.5,337.5,337.5,337.5,337.5,337.5,337.5,337.5,337.5,337.5,337.5,337.5,337.5,337.5,337.5,337.5,337.5,337.5,337.5,337.5,337.5,337.5,337.5,337.5,337.5,337.5,337.5,337.5,337.5,337.5,337.5,337.5,337.5,337.5,337.5
350,350,350,350,350,350,350,350,350,350,350,350,350,350,350,350,350,350,350,350,350,350,350,350,350,350,350,350,350,350,350,350,350,350,350,350,350,350,350,350,350,350,350,350,350,350,350,350,350,350,350,350,350,350,350,350,350,350,350,350,350,350,350,350,350,350,350,350,350,350,350,350,350,350,350,350,350,350,350,350,350,350,350,350,350,350,350,350,350,350,350
362.5,362.5,362.5,362.5,362.5,362.5,362.5,362.5,362.5,362.5,362.5,362.5,362.5,362.5,362.5,362.5,362.5,362.5,362.5,362.5,362.5,362.5,362.5,362.5,362.5,362.5,362.5,362.5,362.5,362.5,362.5,362.5,362.5,362.5,362.5,362.5,362.5,362.5,362.5,362.5,362.5,362.5,362.5,362.5,362.5,362.5,362.5,362.5,362.5,362.5,362.5,362.5,362.5,362.5,362.5,362.5,362.5,362.5,362.5,362.5,362.5,362.5,362.5,362.5,362.5,362.5,362.5,362.5,362.5,362.5,362.5,362.5,362.5,362.5,362.5,362.5,362.5,362.5,362.5,362.5,362.5,362.5,362.5,362.5,362.5,362.5,362.5,362.5,362.5,362.5,362.5
375,375,375,375,375,375,375,375,375,375,375,375,375,375,375,375,375,375,375,375,375,375,375,375,375,375,375,375,375,375,375,375,375,375,375,375,375,375,375,375,375,375,375,375,375,375,375,375,375,375,375,375,375,375,375,375,375,375,375,375,375,375,375,375,375,375,375,375,375,375,375,375,375,375,375,375,375,375,375,375,375,375,375,375,375,375,375,375,375,375,375
387.5,387.5,387.5,387.5,387.5,387.5,387.5,387.5,387.5,387.5,387.5,387.5,387.5,387.5,387.5,387.5,387.5,387.5,387.5,387.5,387.5,387.5,387.5,387.5,387.5,387.5,387.5,387.5,387.5,387.5,387.5,387.5,387.5,387.5,387.5,387.5,387.5,387.5,387.5,387.5,387.5,387.5,387.5,387.5,387.5,387.5,387.5,387.5,387.5,387.5,387.5,387.5,387.5,387.5,387.5,387.5,387.5,387.5,387.5,387.5,387.5,387.5,387.5,387.5,387.5,387.5,387.5,387.5,387.5,387.5,387.5,387.5,387.5,387.5,387.5,387.5,387.5,387.5,387.5,387.5,387.5,387.5,387.5,387.5,387.5,387.5,387.5,387.5,387.5,387.5,387.5
400,400,400,400,400,400,400,400,400,400,400,400,400,400,400,400,400,400,400,400,400,400,400,400,400,400,400,400,400,400,400,400,400,400,400,400,400,400,400,400,400,400,400,400,400,400,400,400,400,400,400,400,400,400,400,400,400,400,400,400,400,400,400,400,400,400,400,400,400,400,400,400,400,400,400,400,400,400,400,400,400,400,400,400,400,400,400,400,400,400,400
412.5,412.5,412.5,412.5,412.5,412.5,412.5,412.5,412.5,412.5,412.5,412.5,412.5,412.5,412.5,412.5,412.5,412.5,412.5,412.5,412.5,412.5,412.5,412.5,412.5,412.5,412.5,412.5,412.5,412.5,412.5,412.5,412.5,412.5,412.5,412.5,412.5,412.5,412.5,412.5,412.5,412.5,412.5,412.5,412.5,412.5,412.5,412.5,412.5,412.5,412.5,412.5,412.5,412.5,412.5,412.5,412.5,412.5,412.5,412.5,412.5,412.5,412.5,412.5,412.5,412.5,412.5,412.5,412.5,412.5,412.5,412.5,412.5,412.5,412.5,412.5,412.5,412.5,412.5,412.5,412.5,412.5,412.5,412.5,412.5,412.5,412.5,412.5,412.5,412.5,412.5
425,425,425,425,425,425,425,425,425,425,425,425,425,425,425,425,425,425,425,425,425,425,425,425,425,425,425,425,425,425,425,425,425,425,425,425,425,425,425,425,425,425,425,425,425,425,425,425,425,425,425,425,425,425,425,425,425,425,425,425,425,425,425,425,425,425,425,425,425,425,425,425,425,425,425,425,425,425,425,425,425,425,425,425,425,425,425,425,425,425,425
437.5,437.5,437.5,437.5,437.5,437.5,437.5,437.5,437.5,437.5,437.5,437.5,437.5,437.5,437.5,437.5,437.5,437.5,437.5,437.5,437.5,437.5,437.5,437.5,437.5,437.5,437.5,437.5,437.5,437.5,437.5,437.5,437.5,437.5,437.5,437.5,437.5,437.5,437.5,437.5,437.5,437.5,437.5,437.5,437.5,437.5,437.5,437.5,437.5,437.5,437.5,437.5,437.5,437.5,437.5,437.5,437.5,437.5,437.5,437.5,437.5,437.5,437.5,437.5,437.5,437.5,437.5,437.5,437.5,437.5,437.5,437.5,437.5,437.5,437.5,437.5,437.5,437.5,437.5,437.5,437.5,437.5,437.5,437.5,437.5,437.5,437.5,437.5,437.5,437.5,437.5
450,450,450,450,450,450,450,450,450,450,450,450,450,450,450,450,450,450,450,450,450,450,450,450,450,450,450,450,450,450,450,450,450,450,450,450,450,450,450,450,450,450,450,450,450,450,450,450,450,450,450,450,450,450,450,450,450,450,450,450,450,450,450,450,450,450,450,450,450,450,450,450,450,450,450,450,450,450,450,450,450,450,450,450,450,450,450,450,450,450,450
462.5,462.5,462.5,462.5,462.5,462.5,462.5,462.5,462.5,462.5,462.5,462.5,462.5,462.5,462.5,462.5,462.5,462.5,462.5,462.5,462.5,462.5,462.5,462.5,462.5,462.5,462.5,462.5,462.5,462.5,462.5,462.5,462.5,462.5,462.5,462.5,462.5,462.5,462.5,462.5,462.5,462.5,462.5,462.5,462.5,462.5,462.5,462.5,462.5,462.5,462.5,462.5,462.5,462.5,462.5,462.5,462.5,462.5,462.5,462.5,462.5,462.5,462.5,462.5,462.5,462.5,462.5,462.5,462.5,462.5,462.5,462.5,462.5,462.5,462.5,462.5,462.5,462.5,462.5,462.5,462.5,462.5,462.5,462.5,462.5,462.5,462.5,462.5,462.5,462.5,462.5
475,475,475,475,475,475,475,475,475,475,475,475,475,475,475,475,475,475,475,475,475,475,475,475,475,475,475,475,475,475,475,475,475,475,475,475,475,475,475,475,475,475,475,475,475,475,475,475,475,475,475,475,475,475,475,475,475,475,475,475,475,475,475,475,475,475,475,475,475,475,475,475,475,475,475,475,475,475,475,475,475,475,475,475,475,475,475,475,475,475,475
487.5,487.5,487.5,487.5,487.5,487.5,487.5,487.5,487.5,487.5,487.5,487.5,487.5,487.5,487.5,487.5,487.5,487.5,487.5,487.5,487.5,487.5,487.5,487.5,487.5,487.5,487.5,487.5,487.5,487.5,487.5,487.5,487.5,487.5,487.5,487.5,487.5,487.5,487.5,487.5,487.5,487.5,487.5,487.5,487.5,487.5,487.5,487.5,487.5,487.5,487.5,487.5,487.5,487.5,487.5,487.5,487.5,487.5,487.5,487.5,487.5,487.5,487.5,487.5,487.5,487.5,487.5,487.5,487.5,487.5,487.5,487.5,487.5,487.5,487.5,487.5,487.5,487.5,487.5,487.5,487.5,487.5,487.5,487.5,487.5,487.5,487.5,487.5,487.5,487.5,487.5
500,500,500,500,500,500,500,500,500,500,500,500,500,500,500,500,500,500,500,500,500,500,500,500,500,500,500,500,500,500,500,500,500,500,500,500,500,500,500,500,500,500,500,500,500,500,500,500,500,500,500,500,500,500,500,500,500,500,500,500,500,500,500,500,500,500,500,500,500,500,500,500,500,500,500,500,500,500,500,500,500,500,500,500,500,500,500,500,500,500,500
512.5,512.5,512.5,512.5,512.5,512.5,512.5,512.5,512.5,512.5,512.5,512.5,512.5,512.5,512.5,512.5,512.5,512.5,512.5,512.5,512.5,512.5,512.5,512.5,512.5,512.5,512.5,512.5,512.5,512.5,512.5,512.5,512.5,512.5,512.5,512.5,512.5,512.5,512.5,512.5,512.5,512.5,512.5,512.5,512.5,512.5,512.5,512.5,512.5,512.5,512.5,512.5,512.5,512.5,512.5,512.5,512.5,512.5,512.5,512.5,512.5,512.5,512.5,512.5,512.5,512.5,512.5,512.5,512.5,512.5,512.5,512.5,512.5,512.5,512.5,512.5,512.5,512.5,512.5,512.5,512.5,512.5,512.5,512.5,512.5,512.5,512.5,512.5,512.5,512.5,512.5
525,525,525,525,525,525,525,525,525,525,525,525,525,525,525,525,525,525,525,525,525,525,525,525,525,525,525,525,525,525,525,525,525,525,525,525,525,525,525,525,525,525,525,525,525,525,525,525,525,525,525,525,525,525,525,525,525,525,525,525,525,525,525,525,525,525,525,525,525,525,525,525,525,525,525,525,525,525,525,525,525,525,525,525,525,525,525,525,525,525,525
537.5,537.5,537.5,537.5,537.5,537.5,537.5,537.5,537.5,537.5,537.5,537.5,537.5,537.5,537.5,537.5,537.5,537.5,537.5,537.5,537.5,537.5,537.5,537.5,537.5,537.5,537.5,537.5,537.5,537.5,537.5,537.5,537.5,537.5,537.5,537.5,537.5,537.5,537.5,537.5,537.5,537.5,537.5,537.5,537.5,537.5,537.5,537.5,537.5,537.5,537.5,537.5,537.5,537.5,537.5,537.5,537.5,537.5,537.5,537.5,537.5,537.5,537.5,537.5,537.5,537.5,537.5,537.5,537.5,537.5,537.5,537.5,537.5,537.5,537.5,537.5,537.5,537.5,537.5,537.5,537.5,537.5,537.5,537.5,537.5,537.5,537.5,537.5,537.5,537.5,537.5
550,550,550,550,550,550,550,550,550,550,550,550,550,550,550,550,550,550,550,550,550,550,550,550,550,550,550,550,550,550,550,550,550,550,550,550,550,550,550,550,550,550,550,550,550,550,550,550,550,550,550,550,550,550,550,550,550,550,550,550,550,550,550,550,550,550,550,550,550,550,550,550,550,550,550,550,550,550,550,550,550,550,550,550,550,550,550,550,550,550,550
562.5,562.5,562.5,562.5,562.5,562.5,562.5,562.5,562.5,562.5,562.5,562.5,562.5,562.5,562.5,562.5,562.5,562.5,562.5,562.5,562.5,562.5,562.5,562.5,562.5,562.5,562.5,562.5,562.5,562.5,562.5,562.5,562.5,562.5,562.5,562.5,562.5,562.5,562.5,562.5,562.5,562.5,562.5,562.5,562.5,562.5,562.5,562.5,562.5,562.5,562.5,562.5,562.5,562.5,562.5,562.5,562.5,562.5,562.5,562.5,562.5,562.5,562.5,562.5,562.5,562.5,562.5,562.5,562.5,562.5,562.5,562.5,562.5,562.5,562.5,562.5,562.5,562.5,562.5,562.5,562.5,562.5,562.5,562.5,562.5,562.5,562.5,562.5,562.5,562.5,562.5
575,575,575,575,575,575,575,575,575,575,575,575,575,575,575,575,575,575,575,575,575,575,575,575,575,575,575,575,575,575,575,575,575,575,575,575,575,575,575,575,575,575,575,575,575,575,575,575,575,575,575,575,575,575,575,575,575,575,575,575,575,575,575,575,575,575,575,575,575,575,575,575,575,575,575,575,575,575,575,575,575,575,575,575,575,575,575,575,575,575,575
587.5,587.5,587.5,587.5,587.5,587.5,587.5,587.5,587.5,587.5,587.5,587.5,587.5,587.5,587.5,587.5,587.5,587.5,587.5,587.5,587.5,587.5,587.5,587.5,587.5,587.5,587.5,587.5,587.5,587.5,587.5,587.5,587.5,587.5,587.5,587.5,587.5,587.5,587.5,587.5,587.5,587.5,587.5,587.5,587.5,587.5,587.5,587.5,587.5,587.5,587.5,587.5,587.5,587.5,587.5,587.5,587.5,587.5,587.5,587.5,587.5,587.5,587.5,587.5,587.5,587.5,587.5,587.5,587.5,587.5,587.5,587.5,587.5,587.5,587.5,587.5,587.5,587.5,587.5,587.5,587.5,587.5,587.5,587.5,587.5,587.5,587.5,587.5,587.5,587.5,587.5
600,600,600,600,600,600,600,600,600,600,600,600,600,600,600,600,600,600,600,600,600,600,600,600,600,600,600,600,600,600,600,600,600,600,600,600,600,600,600,600,600,600,600,600,600,600,600,600,600,600,600,600,600,600,600,600,600,600,600,600,600,600,600,600,600,600,600,600,600,600,600,600,600,600,600,600,600,600,600,600,600,600,600,600,600,600,600,600,600,600,600
612.5,612.5,612.5,612.5,612.5,612.5,612.5,612.5,612.5,612.5,612.5,612.5,612.5,612.5,612.5,612.5,612.5,612.5,612.5,612.5,612.5,612.5,612.5,612.5,612.5,612.5,612.5,612.5,612.5,612.5,612.5,612.5,612.5,612.5,612.5,612.5,612.5,612.5,612.5,612.5,612.5,612.5,612.5,612.5,612.5,612.5,612.5,612.5,612.5,612.5,612.5,612.5,612.5,612.5,612.5,612.5,612.5,612.5,612.5,612.5,612.5,612.5,612.5,612.5,612.5,612.5,612.5,612.5,612.5,612.5,612.5,612.5,612.5,612.5,612.5,612.5,612.5,612.5,612.5,612.5,612.5,612.5,612.5,612.5,612.5,612.5,612.5,612.5,612.5,612.5,612.5
625,625,625,625,625,625,625,625,625,625,625,625,625,625,625,625,625,625,625,625,625,625,625,625,625,625,625,625,625,625,625,625,625,625,625,625,625,625,625,625,625,625,625,625,625,625,625,625,625,625,625,625,625,625,625,625,625,625,625,625,625,625,625,625,625,625,625,625,625,625,625,625,625,625,625,625,625,625,625,625,625,625,625,625,625,625,625,625,625,625,625
637.5,637.5,637.5,637.5,637.5,637.5,637.5,637.5,637.5,637.5,637.5,637.5,637.5,637.5,637.5,637.5,637.5,637.5,637.5,637.5,637.5,637.5,637.5,637.5,637.5,637.5,637.5,637.5,637.5,637.5,637.5,637.5,637.5,637.5,637.5,637.5,637.5,637.5,637.5,637.5,637.5,637.5,637.5,637.5,637.5,637.5,637.5,637.5,637.5,637.5,637.5,637.5,637.5,637.5,637.5,637.5,637.5,637.5,637.5,637.5,637.5,637.5,637.5,637.5,637.5,637.5,637.5,637.5,637.5,637.5,637.5,637.5,637.5,637.5,637.5,637.5,637.5,637.5,637.5,637.5,637.5,637.5,637.5,637.5,637.5,637.5,637.5,637.5,637.5,637.5,637.5
650,650,650,650,650,650,650,650,650,650,650,650,650,650,650,650,650,650,650,650,650,650,650,650,650,650,650,650,650,650,650,650,650,650,650,650,650,650,650,650,650,650,650,650,650,650,650,650,650,650,650,650,650,650,650,650,650,650,650,650,650,650,650,650,650,650,650,650,650,650,650,650,650,650,650,650,650,650,650,650,650,650,650,650,650,650,650,650,650,650,650
662.5,662.5,662.5,662.5,662.5,662.5,662.5,662.5,662.5,662.5,662.5,662.5,662.5,662.5,662.5,662.5,662.5,662.5,662.5,662.5,662.5,662.5,662.5,662.5,662.5,662.5,662.5,662.5,662.5,662.5,662.5,662.5,662.5,662.5,662.5,662.5,662.5,662.5,662.5,662.5,662.5,662.5,662.5,662.5,662.5,662.5,662.5,662.5,662.5,662.5,662.5,662.5,662.5,662.5,662.5,662.5,662.5,662.5,662.5,662.5,662.5,662.5,662.5,662.5,662.5,662.5,662.5,662.5,662.5,662.5,662.5,662.5,662.5,662.5,662.5,662.5,662.5,662.5,662.5,662.5,662.5,662.5,662.5,662.5,662.5,662.5,662.5,662.5,662.5,662.5,662.5
675,675,675,675,675,675,675,675,675,675,675,675,675,675,675,675,675,675,675,675,675,675,675,675,675,675,675,675,675,675,675,675,675,675,675,675,675,675,675,675,675,675,675,675,675,675,675,675,675,675,675,675,675,675,675,675,675,675,675,675,675,675,675,675,675,675,675,675,675,675,675,675,675,675,675,675,675,675,675,675,675,675,675,675,675,675,675,675,675,675,675
687.5,687.5,687.5,687.5,687.5,687.5,687.5,687.5,687.5,687.5,687.5,687.5,687.5,687.5,687.5,687.5,687.5,687.5,687.5,687.5,687.5,687.5,687.5,687.5,687.5,687.5,687.5,687.5,687.5,687.5,687.5,687.5,687.5,687.5,687.5,687.5,687.5,687.5,687.5,687.5,687.5,687.5,687.5,687.5,687.5,687.5,687.5,687.5,687.5,687.5,687.5,687.5,687.5,687.5,687.5,687.5,687.5,687.5,687.5,687.5,687.5,687.5,687.5,687.5,687.5,687.5,687.5,687.5,687.5,687.5,687.5,687.5,687.5,687.5,687.5,687.5,687.5,687.5,687.5,687.5,687.5,687.5,687.5,687.5,687.5,687.5,687.5,687.5,687.5,687.5,687.5
700,700,700,700,700,700,700,700,700,700,700,700,700,700,700,700,700,700,700,700,700,700,700,700,700,700,700,700,700,700,700,700,700,700,700,700,700,700,700,700,700,700,700,700,700,700,700,700,700,700,700,700,700,700,700,700,700,700,700,700,700,700,700,700,700,700,700,700,700,700,700,700,700,700,700,700,700,700,700,700,700,700,700,700,700,700,700,700,700,700,700
712.5,712.5,712.5,712.5,712.5,712.5,712.5,712.5,712.5,712.5,712.5,712.5,712.5,712.5,712.5,712.5,712.5,712.5,712.5,712.5,712.5,712.5,712.5,712.5,712.5,712.5,712.5,712.5,712.5,712.5,712.5,712.5,712.5,712.5,712.5,712.5,712.5,712.5,712.5,712.5,712.5,712.5,712.5,712.5,712.5,712.5,712.5,712.5,712.5,712.5,712.5,712.5,712.5,712.5,712.5,712.5,712.5,712.5,712.5,712.5,712.5,712.5,712.5,712.5,712.5,712.5,712.5,712.5,712.5,712.5,712.5,712.5,712.5,712.5,712.5,712.5,712.5,712.5,712.5,712.5,712.5,712.5,712.5,712.5,712.5,712.5,712.5,712.5,712.5,712.5,712.5
725,725,725,725,725,725,725,725,725,725,725,725,725,725,725,725,725,725,725,725,725,725,725,725,725,725,725,725,725,725,725,725,725,725,725,725,725,725,725,725,725,725,725,725,725,725,725,725,725,725,725,725,725,725,725,725,725,725,725,725,725,725,725,725,725,725,725,725,725,725,725,725,725,725,725,725,725,725,725,725,725,725,725,725,725,725,725,725,725,725,725
737.5,737.5,737.5,737.5,737.5,737.5,737.5,737.5,737.5,737.5,737.5,737.5,737.5,737.5,737.5,737.5,737.5,737.5,737.5,737.5,737.5,737.5,737.5,737.5,737.5,737.5,737.5,737.5,737.5,737.5,737.5,737.5,737.5,737.5,737.5,737.5,737.5,737.5,737.5,737.5,737.5,737.5,737.5,737.5,737.5,737.5,737.5,737.5,737.5,737.5,737.5,737.5,737.5,737.5,737.5,737.5,737.5,737.5,737.5,737.5,737.5,737.5,737.5,737.5,737.5,737.5,737.5,737.5,737.5,737.5,737.5,737.5,737.5,737.5,737.5,737.5,737.5,737.5,737.5,737.5,737.5,737.5,737.5,737.5,737.5,737.5,737.5,737.5,737.5,737.5,737.5
750,750,750,750,750,750,750,750,750,750,750,750,750,750,750,750,750,750,750,750,750,750,750,750,750,750,750,750,750,750,750,750,750,750,750,750,750,750,750,750,750,750,750,750,750,750,750,750,750,750,750,750,750,750,750,750,750,750,750,750,750,750,750,750,750,750,750,750,750,750,750,750,750,750,750,750,750,750,750,750,750,750,750,750,750,750,750,750,750,750,750
762.5,762.5,762.5,762.5,762.5,762.5,762.5,762.5,762.5,762.5,762.5,762.5,762.5,762.5,762.5,762.5,762.5,762.5,762.5,762.5,762.5,762.5,762.5,762.5,762.5,762.5,762.5,762.5,762.5,762.5,762.5,762.5,762.5,762.5,762.5,762.5,762.5,762.5,762.5,762.5,762.5,762.5,762.5,762.5,762.5,762.5,762.5,762.5,762.5,762.5,762.5,762.5,762.5,762.5,762.5,762.5,762.5,762.5,762.5,762.5,762.5,762.5,762.5,762.5,762.5,762.5,762.5,762.5,762.5,762.5,762.5,762.5,762.5,762.5,762.5,762.5,762.5,762.5,762.5,762.5,762.5,762.5,762.5,762.5,762.5,762.5,762.5,762.5,762.5,762.5,762.5
775,775,775,775,775,775,775,775,775,775,775,775,775,775,775,775,775,775,775,775,775,775,775,775,775,775,775,775,775,775,775,775,775,775,775,775,775,775,775,775,775,775,775,775,775,775,775,775,775,775,775,775,775,775,775,775,775,775,775,775,775,775,775,775,775,775,775,775,775,775,775,775,775,775,775,775,775,775,775,775,775,775,775,775,775,775,775,775,775,775,775
787.5,787.5,787.5,787.5,787.5,787.5,787.5,787.5,787.5,787.5,787.5,787.5,787.5,787.5,787.5,787.5,787.5,787.5,787.5,787.5,787.5,787.5,787.5,787.5,787.5,787.5,787.5,787.5,787.5,787.5,787.5,787.5,787.5,787.5,787.5,787.5,787.5,787.5,787.5,787.5,787.5,787.5,787.5,787.5,787.5,787.5,787.5,787.5,787.5,787.5,787.5,787.5,787.5,787.5,787.5,787.5,787.5,787.5,787.5,787.5,787.5,787.5,787.5,787.5,787.5,787.5,787.5,787.5,787.5,787.5,787.5,787.5,787.5,787.5,787.5,787.5,787.5,787.5,787.5,787.5,787.5,787.5,787.5,787.5,787.5,787.5,787.5,787.5,787.5,787.5,787.5
800,800,800,800,800,800,800,800,800,800,800,800,800,800,800,800,800,800,800,800,800,800,800,800,800,800,800,800,800,800,800,800,800,800,800,800,800,800,800,800,800,800,800,800,800,800,800,800,800,800,800,800,800,800,800,800,800,800,800,800,800,800,800,800,800,800,800,800,800,800,800,800,800,800,800,800,800,800,800,800,800,800,800,800,800,800,800,800,800,800,800
812.5,812.5,812.5,812.5,812.5,812.5,812.5,812.5,812.5,812.5,812.5,812.5,812.5,812.5,812.5,812.5,812.5,812.5,812.5,812.5,812.5,812.5,812.5,812.5,812.5,812.5,812.5,812.5,812.5,812.5,812.5,812.5,812.5,812.5,812.5,812.5,812.5,812.5,812.5,812.5,812.5,812.5,812.5,812.5,812.5,812.5,812.5,812.5,812.5,812.5,812.5,812.5,812.5,812.5,812.5,812.5,812.5,812.5,812.5,812.5,812.5,812.5,812.5,812.5,812.5,812.5,812.5,812.5,812.5,812.5,812.5,812.5,812.5,812.5,812.5,812.5,812.5,812.5,812.5,812.5,812.5,812.5,812.5,812.5,812.5,812.5,812.5,812.5,812.5,812.5,812.5
825,825,825,825,825,825,825,825,825,825,825,825,825,825,825,825,825,825,825,825,825,825,825,825,825,825,825,825,825,825,825,825,825,825,825,825,825,825,825,825,825,825,825,825,825,825,825,825,825,825,825,825,825,825,825,825,825,825,825,825,825,825,825,825,825,825,825,825,825,825,825,825,825,825,825,825,825,825,825,825,825,825,825,825,825,825,825,825,825,825,825
837.5,837.5,837.5,837.5,837.5,837.5,837.5,837.5,837.5,837.5,837.5,837.5,837.5,837.5,837.5,837.5,837.5,837.5,837.5,837.5,837.5,837.5,837.5,837.5,837.5,837.5,837.5,837.5,837.5,837.5,837.5,837.5,837.5,837.5,837.5,837.5,837.5,837.5,837.5,837.5,837.5,837.5,837.5,837.5,837.5,837.5,837.5,837.5,837.5,837.5,837.5,837.5,837.5,837.5,837.5,837.5,837.5,837.5,837.5,837.5,837.5,837.5,837.5,837.5,837.5,837.5,837.5,837.5,837.5,837.5,837.5,837.5,837.5,837.5,837.5,837.5,837.5,837.5,837.5,837.5,837.5,837.5,837.5,837.5,837.5,837.5,837.5,837.5,837.5,837.5,837.5
850,850,850,850,850,850,850,850,850,850,850,850,850,850,850,850,850,850,850,850,850,850,850,850,850,850,850,850,850,850,850,850,850,850,850,850,850,850,850,850,850,850,850,850,850,850,850,850,850,850,850,850,850,850,850,850,850,850,850,850,850,850,850,850,850,850,850,850,850,850,850,850,850,850,850,850,850,850,850,850,850,850,850,850,850,850,850,850,850,850,850
862.5,862.5,862.5,862.5,862.5,862.5,862.5,862.5,862.5,862.5,862.5,862.5,862.5,862.5,862.5,862.5,862.5,862.5,862.5,862.5,862.5,862.5,862.5,862.5,862.5,862.5,862.5,862.5,862.5,862.5,862.5,862.5,862.5,862.5,862.5,862.5,862.5,862.5,862.5,862.5,862.5,862.5,862.5,862.5,862.5,862.5,862.5,862.5,862.5,862.5,862.5,862.5,862.5,862.5,862.5,862.5,862.5,862.5,862.5,862.5,862.5,862.5,862.5,862.5,862.5,862.5,862.5,862.5,862.5,862.5,862.5,862.5,862.5,862.5,862.5,862.5,862.5,862.5,862.5,862.5,862.5,862.5,862.5,862.5,862.5,862.5,862.5,862.5,862.5,862.5,862.5
875,875,875,875,875,875,875,875,875,875,875,875,875,875,875,875,875,875,875,875,875,875,875,875,875,875,875,875,875,875,875,875,875,875,875,875,875,875,875,875,875,875,875,875,875,875,875,875,875,875,875,875,875,875,875,875,875,875,875,875,875,875,875,875,875,875,875,875,875,875,875,875,875,875,875,875,875,875,875,875,875,875,875,875,875,875,875,875,875,875,875
887.5,887.5,887.5,887.5,887.5,887.5,887.5,887.5,887.5,887.5,887.5,887.5,887.5,887.5,887.5,887.5,887.5,887.5,887.5,887.5,887.5,887.5,887.5,887.5,887.5,887.5,887.5,887.5,887.5,887.5,887.5,887.5,887.5,887.5,887.5,887.5,887.5,887.5,887.5,887.5,887.5,887.5,887.5,887.5,887.5,887.5,887.5,887.5,887.5,887.5,887.5,887.5,887.5,887.5,887.5,887.5,887.5,887.5,887.5,887.5,887.5,887.5,887.5,887.5,887.5,887.5,887.5,887.5,887.5,887.5,887.5,887.5,887.5,887.5,887.5,887.5,887.5,887.5,887.5,887.5,887.5,887.5,887.5,887.5,887.5,887.5,887.5,887.5,887.5,887.5,887.5
900,900,900,900,900,900,900,900,900,900,900,900,900,900,900,900,900,900,900,900,900,900,900,900,900,900,900,900,900,900,900,900,900,900,900,900,900,900,900,900,900,900,900,900,900,900,900,900,900,900,900,900,900,900,900,900,900,900,900,900,900,900,900,900,900,900,900,900,900,900,900,900,900,900,900,900,900,900,900,900,900,900,900,900,900,900,900,900,900,900,900
912.5,912.5,912.5,912.5,912.5,912.5,912.5,912.5,912.5,912.5,912.5,912.5,912.5,912.5,912.5,912.5,912.5,912.5,912.5,912.5,912.5,912.5,912.5,912.5,912.5,912.5,912.5,912.5,912.5,912.5,912.5,912.5,912.5,912.5,912.5,912.5,912.5,912.5,912.5,912.5,912.5,912.5,912.5,912.5,912.5,912.5,912.5,912.5,912.5,912.5,912.5,912.5,912.5,912.5,912.5,912.5,912.5,912.5,912.5,912.5,912.5,912.5,912.5,912.5,912.5,912.5,912.5,912.5,912.5,912.5,912.5,912.5,912.5,912.5,912.5,912.5,912.5,912.5,912.5,912.5,912.5,912.5,912.5,912.5,912.5,912.5,912.5,912.5,912.5,912.5,912.5
925,925,925,925,925,925,925,925,925,925,925,925,925,925,925,925,925,925,925,925,925,925,925,925,925,925,925,925,925,925,925,925,925,925,925,925,925,925,925,925,925,925,925,925,925,925,925,925,925,925,925,925,925,925,925,925,925,925,925,925,925,925,925,925,925,925,925,925,925,925,925,925,925,925,925,925,925,925,925,925,925,925,925,925,925,925,925,925,925,925,925
937.5,937.5,937.5,937.5,937.5,937.5,937.5,937.5,937.5,937.5,937.5,937.5,937.5,937.5,937.5,937.5,937.5,937.5,937.5,937.5,937.5,937.5,937.5,937.5,937.5,937.5,937.5,937.5,937.5,937.5,937.5,937.5,937.5,937.5,937.5,937.5,937.5,937.5,937.5,937.5,937.5,937.5,937.5,937.5,937.5,937.5,937.5,937.5,937.5,937.5,937.5,937.5,937.5,937.5,937.5,937.5,937.5,937.5,937.5,937.5,937.5,937.5,937.5,937.5,937.5,937.5,937.5,937.5,937.5,937.5,937.5,937.5,937.5,937.5,937.5,937.5,937.5,937.5,937.5,937.5,937.5,937.5,937.5,937.5,937.5,937.5,937.5,937.5,937.5,937.5,937.5
950,950,950,950,950,950,950,950,950,950,950,950,950,950,950,950,950,950,950,950,950,950,950,950,950,950,950,950,950,950,950,950,950,950,950,950,950,950,950,950,950,950,950,950,950,950,950,950,950,950,950,950,950,950,950,950,950,950,950,950,950,950,950,950,950,950,950,950,950,950,950,950,950,950,950,950,950,950,950,950,950,950,950,950,950,950,950,950,950,950,950
962.5,962.5,962.5,962.5,962.5,962.5,962.5,962.5,962.5,962.5,962.5,962.5,962.5,962.5,962.5,962.5,962.5,962.5,962.5,962.5,962.5,962.5,962.5,962.5,962.5,962.5,962.5,962.5,962.5,962.5,962.5,962.5,962.5,962.5,962.5,962.5,962.5,962.5,962.5,962.5,962.5,962.5,962.5,962.5,962.5,962.5,962.5,962.5,962.5,962.5,962.5,962.5,962.5,962.5,962.5,962.5,962.5,962.5,962.5,962.5,962.5,962.5,962.5,962.5,962.5,962.5,962.5,962.5,962.5,962.5,962.5,962.5,962.5,962.5,962.5,962.5,962.5,962.5,962.5,962.5,962.5,962.5,962.5,962.5,962.5,962.5,962.5,962.5,962.5,962.5,962.5
975,975,975,975,975,975,975,975,975,975,975,975,975,975,975,975,975,975,975,975,975,975,975,975,975,975,975,975,975,975,975,975,975,975,975,975,975,975,975,975,975,975,975,975,975,975,975,975,975,975,975,975,975,975,975,975,975,975,975,975,975,975,975,975,975,975,975,975,975,975,975,975,975,975,975,975,975,975,975,975,975,975,975,975,975,975,975,975,975,975,975
987.5,987.5,987.5,987.5,987.5,987.5,987.5,987.5,987.5,987.5,987.5,987.5,987.5,987.5,987.5,987.5,987.5,987.5,987.5,987.5,987.5,987.5,987.5,987.5,987.5,987.5,987.5,987.5,987.5,987.5,987.5,987.5,987.5,987.5,987.5,987.5,987.5,987.5,987.5,987.5,987.5,987.5,987.5,987.5,987.5,987.5,987.5,987.5,987.5,987.5,987.5,987.5,987.5,987.5,987.5,987.5,987.5,987.5,987.5,987.5,987.5,987.5,987.5,987.5,987.5,987.5,987.5,987.5,987.5,987.5,987.5,987.5,987.5,987.5,987.5,987.5,987.5,987.5,987.5,987.5,987.5,987.5,987.5,987.5,987.5,987.5,987.5,987.5,987.5,987.5,987.5
1000,1000,1000,1000,1000,1000,1000,1000,1000,1000,1000,1000,1000,1000,1000,1000,1000,1000,1000,1000,1000,1000,1000,1000,1000,1000,1000,1000,1000,1000,1000,1000,1000,1000,1000,1000,1000,1000,1000,1000,1000,1000,1000,1000,1000,1000,1000,1000,1000,1000,1000,1000,1000,1000,1000,1000,1000,1000,1000,1000,1000,1000,1000,1000,1000,1000,1000,1000,1000,1000,1000,1000,1000,1000,1000,1000,1000,1000,1000,1000,1000,1000,1000,1000,1000,1000,1000,1000,1000,1000,1000
1012.5,1012.5,1012.5,1012.5,1012.5,1012.5,1012.5,1012.5,1012.5,1012.5,1012.5,1012.5,1012.5,1012.5,1012.5,1012.5,1012.5,1012.5,1012.5,1012.5,1012.5,1012.5,1012.5,1012.5,1012.5,1012.5,1012.5,1012.5,1012.5,1012.5,1012.5,1012.5,1012.5,1012.5,1012.5,1012.5,1012.5,1012.5,1012.5,1012.5,1012.5,1012.5,1012.5,1012.5,1012.5,1012.5,1012.5,1012.5,1012.5,1012.5,1012.5,1012.5,1012.5,1012.5,1012.5,1012.5,1012.5,1012.5,1012.5,1012.5,1012.5,1012.5,1012.5,1012.5,1012.5,1012.5,1012.5,1012.5,1012.5,1012.5,1012.5,1012.5,1012.5,1012.5,1012.5,1012.5,1012.5,1012.5,1012.5,1012.5,1012.5,1012.5,1012.5,1012.5,1012.5,1012.5,1012.5,1012.5,1012.5,1012.5,1012.5
1025,1025,1025,1025,1025,1025,1025,1025,1025,1025,1025,1025,1025,1025,1025,1025,1025,1025,1025,1025,1025,1025,1025,1025,1025,1025,1025,1025,1025,1025,1025,1025,1025,1025,1025,1025,1025,1025,1025,1025,1025,1025,1025,1025,1025,1025,1025,1025,1025,1025,1025,1025,1025,1025,1025,1025,1025,1025,1025,1025,1025,1025,1025,1025,1025,1025,1025,1025,1025,1025,1025,1025,1025,1025,1025,1025,1025,1025,1025,1025,1025,1025,1025,1025,1025,1025,1025,1025,1025,1025,1025
1037.5,1037.5,1037.5,1037.5,1037.5,1037.5,1037.5,1037.5,1037.5,1037.5,1037.5,1037.5,1037.5,1037.5,1037.5,1037.5,1037.5,1037.5,1037.5,1037.5,1037.5,1037.5,1037.5,1037.5,1037.5,1037.5,1037.5,1037.5,1037.5,1037.5,1037.5,1037.5,1037.5,1037.5,1037.5,1037.5,1037.5,1037.5,1037.5,1037.5,1037.5,1037.5,1037.5,1037.5,1037.5,1037.5,1037.5,1037.5,1037.5,1037.5,1037.5,1037.5,1037.5,1037.5,1037.5,1037.5,1037.5,1037.5,1037.5,1037.5,1037.5,1037.5,1037.5,1037.5,1037.5,1037.5,1037.5,1037.5,1037.5,1037.5,1037.5,1037.5,1037.5,1037.5,1037.5,1037.5,1037.5,1037.5,1037.5,1037.5,1037.5,1037.5,1037.5,1037.5,1037.5,1037.5,1037.5,1037.5,1037.5,1037.5,1037.5
1050,1050,1050,1050,1050,1050,1050,1050,1050,1050,1050,1050,1050,1050,1050,1050,1050,1050,1050,1050,1050,1050,1050,1050,1050,1050,1050,1050,1050,1050,1050,1050,1050,1050,1050,1050,1050,1050,1050,1050,1050,1050,1050,1050,1050,1050,1050,1050,1050,1050,1050,1050,1050,1050,1050,1050,1050,1050,1050,1050,1050,1050,1050,1050,1050,1050,1050,1050,1050,1050,1050,1050,1050,1050,1050,1050,1050,1050,1050,1050,1050,1050,1050,1050,1050,1050,1050,1050,1050,1050,1050
1062.5,1062.5,1062.5,1062.5,1062.5,1062.5,1062.5,1062.5,1062.5,1062.5,1062.5,1062.5,1062.5,1062.5,1062.5,1062.5,1062.5,1062.5,1062.5,1062.5,1062.5,1062.5,1062.5,1062.5,1062.5,1062.5,1062.5,1062.5,1062.5,1062.5,1062.5,1062.5,1062.5,1062.5,1062.5,1062.5,1062.5,1062.5,1062.5,1062.5,1062.5,1062.5,1062.5,1062.5,1062.5,1062.5,1062.5,1062.5,1062.5,1062.5,1062.5,1062.5,1062.5,1062.5,1062.5,1062.5,1062.5,1062.5,1062.5,1062.5,1062.5,1062.5,1062.5,1062.5,1062.5,1062.5,1062.5,1062.5,1062.5,1062.5,1062.5,1062.5,1062.5,1062.5,1062.5,1062.5,1062.5,1062.5,1062.5,1062.5,1062.5,1062.5,1062.5,1062.5,1062.5,1062.5,1062.5,1062.5,1062.5,1062.5,1062.5
1075,1075,1075,1075,1075,1075,1075,1075,1075,1075,1075,1075,1075,1075,1075,1075,1075,1075,1075,1075,1075,1075,1075,1075,1075,1075,1075,1075,1075,1075,1075,1075,1075,1075,1075,1075,1075,1075,1075,1075,1075,1075,1075,1075,1075,1075,1075,1075,1075,1075,1075,1075,1075,1075,1075,1075,1075,1075,1075,1075,1075,1075,1075,1075,1075,1075,1075,1075,1075,1075,1075,1075,1075,1075,1075,1075,1075,1075,1075,1075,1075,1075,1075,1075,1075,1075,1075,1075,1075,1075,1075
1087.5,1087.5,1087.5,1087.5,1087.5,1087.5,1087.5,1087.5,1087.5,1087.5,1087.5,1087.5,1087.5,1087.5,1087.5,1087.5,1087.5,1087.5,1087.5,1087.5,1087.5,1087.5,1087.5,1087.5,1087.5,1087.5,1087.5,1087.5,1087.5,1087.5,1087.5,1087.5,1087.5,1087.5,1087.5,1087.5,1087.5,1087.5,1087.5,1087.5,1087.5,1087.5,1087.5,1087.5,1087.5,1087.5,1087.5,1087.5,1087.5,1087.5,1087.5,1087.5,1087.5,1087.5,1087.5,1087.5,1087.5,1087.5,1087.5,1087.5,1087.5,1087.5,1087.5,1087.5,1087.5,1087.5,1087.5,1087.5,1087.5,1087.5,1087.5,1087.5,1087.5,1087.5,1087.5,1087.5,1087.5,1087.5,1087.5,1087.5,1087.5,1087.5,1087.5,1087.5,1087.5,1087.5,1087.5,1087.5,1087.5,1087.5,1087.5
1100,1100,1100,1100,1100,1100,1100,1100,1100,1100,1100,1100,1100,1100,1100,1100,1100,1100,1100,1100,1100,1100,1100,1100,1100,1100,1100,1100,1100,1100,1100,1100,1100,1100,1100,1100,1100,1100,1100,1100,1100,1100,1100,1100,1100,1100,1100,1100,1100,1100,1100,1100,1100,1100,1100,1100,1100,1100,1100,1100,1100,1100,1100,1100,1100,1100,1100,1100,1100,1100,1100,1100,1100,1100,1100,1100,1100,1100,1100,1100,1100,1100,1100,1100,1100,1100,1100,1100,1100,1100,1100
1112.5,1112.5,1112.5,1112.5,1112.5,1112.5,1112.5,1112.5,1112.5,1112.5,1112.5,1112.5,1112.5,1112.5,1112.5,1112.5,1112.5,1112.5,1112.5,1112.5,1112.5,1112.5,1112.5,1112.5,1112.5,1112.5,1112.5,1112.5,1112.5,1112.5,1112.5,1112.5,1112.5,1112.5,1112.5,1112.5,1112.5,1112.5,1112.5,1112.5,1112.5,1112.5,1112.5,1112.5,1112.5,1112.5,1112.5,1112.5,1112.5,1112.5,1112.5,1112.5,1112.5,1112.5,1112.5,1112.5,1112.5,1112.5,1112.5,1112.5,1112.5,1112.5,1112.5,1112.5,1112.5,1112.5,1112.5,1112.5,1112.5,1112.5,1112.5,1112.5,1112.5,1112.5,1112.5,1112.5,1112.5,1112.5,1112.5,1112.5,1112.5,1112.5,1112.5,1112.5,1112.5,1112.5,1112.5,1112.5,1112.5,1112.5,1112.5
1125,1125,1125,1125,1125,1125,1125,1125,1125,1125,1125,1125,1125,1125,1125,1125,1125,1125,1125,1125,1125,1125,1125,1125,1125,1125,1125,1125,1125,1125,1125,1125,1125,1125,1125,1125,1125,1125,1125,1125,1125,1125,1125,1125,1125,1125,1125,1125,1125,1125,1125,1125,1125,1125,1125,1125,1125,1125,1125,1125,1125,1125,1125,1125,1125,1125,1125,1125,1125,1125,1125,1125,1125,1125,1125,1125,1125,1125,1125,1125,1125,1125,1125,1125,1125,1125,1125,1125,1125,1125,1125
1137.5,1137.5,1137.5,1137.5,1137.5,1137.5,1137.5,1137.5,1137.5,1137.5,1137.5,1137.5,1137.5,1137.5,1137.5,1137.5,1137.5,1137.5,1137.5,1137.5,1137.5,1137.5,1137.5,1137.5,1137.5,1137.5,1137.5,1137.5,1137.5,1137.5,1137.5,1137.5,1137.5,1137.5,1137.5,1137.5,1137.5,1137.5,1137.5,1137.5,1137.5,1137.5,1137.5,1137.5,1137.5,1137.5,1137.5,1137.5,1137.5,1137.5,1137.5,1137.5,1137.5,1137.5,1137.5,1137.5,1137.5,1137.5,1137.5,1137.5,1137.5,1137.5,1137.5,1137.5,1137.5,1137.5,1137.5,1137.5,1137.5,1137.5,1137.5,1137.5,1137.5,1137.5,1137.5,1137.5,1137.5,1137.5,1137.5,1137.5,1137.5,1137.5,1137.5,1137.5,1137.5,1137.5,1137.5,1137.5,1137.5,1137.5,1137.5
1150,1150,1150,1150,1150,1150,1150,1150,1150,1150,1150,1150,1150,1150,1150,1150,1150,1150,1150,1150,1150,1150,1150,1150,1150,1150,1150,1150,1150,1150,1150,1150,1150,1150,1150,1150,1150,1150,1150,1150,1150,1150,1150,1150,1150,1150,1150,1150,1150,1150,1150,1150,1150,1150,1150,1150,1150,1150,1150,1150,1150,1150,1150,1150,1150,1150,1150,1150,1150,1150,1150,1150,1150,1150,1150,1150,1150,1150,1150,1150,1150,1150,1150,1150,1150,1150,1150,1150,1150,1150,1150
1162.5,1162.5,1162.5,1162.5,1162.5,1162.5,1162.5,1162.5,1162.5,1162.5,1162.5,1162.5,1162.5,1162.5,1162.5,1162.5,1162.5,1162.5,1162.5,1162.5,1162.5,1162.5,1162.5,1162.5,1162.5,1162.5,1162.5,1162.5,1162.5,1162.5,1162.5,1162.5,1162.5,1162.5,1162.5,1162.5,1162.5,1162.5,1162.5,1162.5,1162.5,1162.5,1162.5,1162.5,1162.5,1162.5,1162.5,1162.5,1162.5,1162.5,1162.5,1162.5,1162.5,1162.5,1162.5,1162.5,1162.5,1162.5,1162.5,1162.5,1162.5,1162.5,1162.5,1162.5,1162.5,1162.5,1162.5,1162.5,1162.5,1162.5,1162.5,1162.5,1162.5,1162.5,1162.5,1162.5,1162.5,1162.5,1162.5,1162.5,1162.5,1162.5,1162.5,1162.5,1162.5,1162.5,1162.5,1162.5,1162.5,1162.5,1162.5
1175,1175,1175,1175,1175,1175,1175,1175,1175,1175,1175,1175,1175,1175,1175,1175,1175,1175,1175,1175,1175,1175,1175,1175,1175,1175,1175,1175,1175,1175,1175,1175,1175,1175,1175,1175,1175,1175,1175,1175,1175,1175,1175,1175,1175,1175,1175,1175,1175,1175,1175,1175,1175,1175,1175,1175,1175,1175,1175,1175,1175,1175,1175,1175,1175,1175,1175,1175,1175,1175,1175,1175,1175,1175,1175,1175,1175,1175,1175,1175,1175,1175,1175,1175,1175,1175,1175,1175,1175,1175,1175
1187.5,1187.5,1187.5,1187.5,1187.5,1187.5,1187.5,1187.5,1187.5,1187.5,1187.5,1187.5,1187.5,1187.5,1187.5,1187.5,1187.5,1187.5,1187.5,1187.5,1187.5,1187.5,1187.5,1187.5,1187.5,1187.5,1187.5,1187.5,1187.5,1187.5,1187.5,1187.5,1187.5,1187.5,1187.5,1187.5,1187.5,1187.5,1187.5,1187.5,1187.5,1187.5,1187.5,1187.5,1187.5,1187.5,1187.5,1187.5,1187.5,1187.5,1187.5,1187.5,1187.5,1187.5,1187.5,1187.5,1187.5,1187.5,1187.5,1187.5,1187.5,1187.5,1187.5,1187.5,1187.5,1187.5,1187.5,1187.5,1187.5,1187.5,1187.5,1187.5,1187.5,1187.5,1187.5,1187.5,1187.5,1187.5,1187.5,1187.5,1187.5,1187.5,1187.5,1187.5,1187.5,1187.5,1187.5,1187.5,1187.5,1187.5,1187.5
1200,1200,1200,1200,1200,1200,1200,1200,1200,1200,1200,1200,1200,1200,1200,1200,1200,1200,1200,1200,1200,1200,1200,1200,1200,1200,1200,1200,1200,1200,1200,1200,1200,1200,1200,1200,1200,1200,1200,1200,1200,1200,1200,1200,1200,1200,1200,1200,1200,1200,1200,1200,1200,1200,1200,1200,1200,1200,1200,1200,1200,1200,1200,1200,1200,1200,1200,1200,1200,1200,1200,1200,1200,1200,1200,1200,1200,1200,1200,1200,1200,1200,1200,1200,1200,1200,1200,1200,1200,1200,1200
1212.5,1212.5,1212.5,1212.5,1212.5,1212.5,1212.5,1212.5,1212.5,1212.5,1212.5,1212.5,1212.5,1212.5,1212.5,1212.5,1212.5,1212.5,1212.5,1212.5,1212.5,1212.5,1212.5,1212.5,1212.5,1212.5,1212.5,1212.5,1212.5,1212.5,1212.5,1212.5,1212.5,1212.5,1212.5,1212.5,1212.5,1212.5,1212.5,1212.5,1212.5,1212.5,1212.5,1212.5,1212.5,1212.5,1212.5,1212.5,1212.5,1212.5,1212.5,1212.5,1212.5,1212.5,1212.5,1212.5,1212.5,1212.5,1212.5,1212.5,1212.5,1212.5,1212.5,1212.5,1212.5,1212.5,1212.5,1212.5,1212.5,1212.5,1212.5,1212.5,1212.5,1212.5,1212.5,1212.5,1212.5,1212.5,1212.5,1212.5,1212.5,1212.5,1212.5,1212.5,1212.5,1212.5,1212.5,1212.5,1212.5,1212.5,1212.5
1225,1225,1225,1225,1225,1225,1225,1225,1225,1225,1225,1225,1225,1225,1225,1225,1225,1225,1225,1225,1225,1225,1225,1225,1225,1225,1225,1225,1225,1225,1225,1225,1225,1225,1225,1225,1225,1225,1225,1225,1225,1225,1225,1225,1225,1225,1225,1225,1225,1225,1225,1225,1225,1225,1225,1225,1225,1225,1225,1225,1225,1225,1225,1225,1225,1225,1225,1225,1225,1225,1225,1225,1225,1225,1225,1225,1225,1225,1225,1225,1225,1225,1225,1225,1225,1225,1225,1225,1225,1225,1225
1237.5,1237.5,1237.5,1237.5,1237.5,1237.5,1237.5,1237.5,1237.5,1237.5,1237.5,1237.5,1237.5,1237.5,1237.5,1237.5,1237.5,1237.5,1237.5,1237.5,1237.5,1237.5,1237.5,1237.5,1237.5,1237.5,1237.5,1237.5,1237.5,1237.5,1237.5,1237.5,1237.5,1237.5,1237.5,1237.5,1237.5,1237.5,1237.5,1237.5,1237.5,1237.5,1237.5,1237.5,1237.5,1237.5,1237.5,1237.5,1237.5,1237.5,1237.5,1237.5,1237.5,1237.5,1237.5,1237.5,1237.5,1237.5,1237.5,1237.5,1237.5,1237.5,1237.5,1237.5,1237.5,1237.5,1237.5,1237.5,1237.5,1237.5,1237.5,1237.5,1237.5,1237.5,1237.5,1237.5,1237.5,1237.5,1237.5,1237.5,1237.5,1237.5,1237.5,1237.5,1237.5,1237.5,1237.5,1237.5,1237.5,1237.5,1237.5
1250,1250,1250,1250,1250,1250,1250,1250,1250,1250,1250,1250,1250,1250,1250,1250,1250,1250,1250,1250,1250,1250,1250,1250,1250,1250,1250,1250,1250,1250,1250,1250,1250,1250,1250,1250,1250,1250,1250,1250,1250,1250,1250,1250,1250,1250,1250,1250,1250,1250,1250,1250,1250,1250,1250,1250,1250,1250,1250,1250,1250,1250,1250,1250,1250,1250,1250,1250,1250,1250,1250,1250,1250,1250,1250,1250,1250,1250,1250,1250,1250,1250,1250,1250,1250,1250,1250,1250,1250,1250,1250
1262.5,1262.5,1262.5,1262.5,1262.5,1262.5,1262.5,1262.5,1262.5,1262.5,1262.5,1262.5,1262.5,1262.5,1262.5,1262.5,1262.5,1262.5,1262.5,1262.5,1262.5,1262.5,1262.5,1262.5,1262.5,1262.5,1262.5,1262.5,1262.5,1262.5,1262.5,1262.5,1262.5,1262.5,1262.5,1262.5,1262.5,1262.5,1262.5,1262.5,1262.5,1262.5,1262.5,1262.5,1262.5,1262.5,1262.5,1262.5,1262.5,1262.5,1262.5,1262.5,1262.5,1262.5,1262.5,1262.5,1262.5,1262.5,1262.5,1262.5,1262.5,1262.5,1262.5,1262.5,1262.5,1262.5,1262.5,1262.5,1262.5,1262.5,1262.5,1262.5,1262.5,1262.5,1262.5,1262.5,1262.5,1262.5,1262.5,1262.5,1262.5,1262.5,1262.5,1262.5,1262.5,1262.5,1262.5,1262.5,1262.5,1262.5,1262.5
1275,1275,1275,1275,1275,1275,1275,1275,1275,1275,1275,1275,1275,1275,1275,1275,1275,1275,1275,1275,1275,1275,1275,1275,1275,1275,1275,1275,1275,1275,1275,1275,1275,1275,1275,1275,1275,1275,1275,1275,1275,1275,1275,1275,1275,1275,1275,1275,1275,1275,1275,1275,1275,1275,1275,1275,1275,1275,1275,1275,1275,1275,1275,1275,1275,1275,1275,1275,1275,1275,1275,1275,1275,1275,1275,1275,1275,1275,1275,1275,1275,1275,1275,1275,1275,1275,1275,1275,1275,1275,1275
1287.5,1287.5,1287.5,1287.5,1287.5,1287.5,1287.5,1287.5,1287.5,1287.5,1287.5,1287.5,1287.5,1287.5,1287.5,1287.5,1287.5,1287.5,1287.5,1287.5,1287.5,1287.5,1287.5,1287.5,1287.5,1287.5,1287.5,1287.5,1287.5,1287.5,1287.5,1287.5,1287.5,1287.5,1287.5,1287.5,1287.5,1287.5,1287.5,1287.5,1287.5,1287.5,1287.5,1287.5,1287.5,1287.5,1287.5,1287.5,1287.5,1287.5,1287.5,1287.5,1287.5,1287.5,1287.5,1287.5,1287.5,1287.5,1287.5,1287.5,1287.5,1287.5,1287.5,1287.5,1287.5,1287.5,1287.5,1287.5,1287.5,1287.5,1287.5,1287.5,1287.5,1287.5,1287.5,1287.5,1287.5,1287.5,1287.5,1287.5,1287.5,1287.5,1287.5,1287.5,1287.5,1287.5,1287.5,1287.5,1287.5,1287.5,1287.5
1300,1300,1300,1300,1300,1300,1300,1300,1300,1300,1300,1300,1300,1300,1300,1300,1300,1300,1300,1300,1300,1300,1300,1300,1300,1300,1300,1300,1300,1300,1300,1300,1300,1300,1300,1300,1300,1300,1300,1300,1300,1300,1300,1300,1300,1300,1300,1300,1300,1300,1300,1300,1300,1300,1300,1300,1300,1300,1300,1300,1300,1300,1300,1300,1300,1300,1300,1300,1300,1300,1300,1300,1300,1300,1300,1300,1300,1300,1300,1300,1300,1300,1300,1300,1300,1300,1300,1300,1300,1300,1300
1312.5,1312.5,1312.5,1312.5,1312.5,1312.5,1312.5,1312.5,1312.5,1312.5,1312.5,1312.5,1312.5,1312.5,1312.5,1312.5,1312.5,1312.5,1312.5,1312.5,1312.5,1312.5,1312.5,1312.5,1312.5,1312.5,1312.5,1312.5,1312.5,1312.5,1312.5,1312.5,1312.5,1312.5,1312.5,1312.5,1312.5,1312.5,1312.5,1312.5,1312.5,1312.5,1312.5,1312.5,1312.5,1312.5,1312.5,1312.5,1312.5,1312.5,1312.5,1312.5,1312.5,1312.5,1312.5,1312.5,1312.5,1312.5,1312.5,1312.5,1312.5,1312.5,1312.5,1312.5,1312.5,1312.5,1312.5,1312.5,1312.5,1312.5,1312.5,1312.5,1312.5,1312.5,1312.5,1312.5,1312.5,1312.5,1312.5,1312.5,1312.5,1312.5,1312.5,1312.5,1312.5,1312.5,1312.5,1312.5,1312.5,1312.5,1312.5
1325,1325,1325,1325,1325,1325,1325,1325,1325,1325,1325,1325,1325,1325,1325,1325,1325,1325,1325,1325,1325,1325,1325,1325,1325,1325,1325,1325,1325,1325,1325,1325,1325,1325,1325,1325,1325,1325,1325,1325,1325,1325,1325,1325,1325,1325,1325,1325,1325,1325,1325,1325,1325,1325,1325,1325,1325,1325,1325,1325,1325,1325,1325,1325,1325,1325,1325,1325,1325,1325,1325,1325,1325,1325,1325,1325,1325,1325,1325,1325,1325,1325,1325,1325,1325,1325,1325,1325,1325,1325,1325
1337.5,1337.5,1337.5,1337.5,1337.5,1337.5,1337.5,1337.5,1337.5,1337.5,1337.5,1337.5,1337.5,1337.5,1337.5,1337.5,1337.5,1337.5,1337.5,1337.5,1337.5,1337.5,1337.5,1337.5,1337.5,1337.5,1337.5,1337.5,1337.5,1337.5,1337.5,1337.5,1337.5,1337.5,1337.5,1337.5,1337.5,1337.5,1337.5,1337.5,1337.5,1337.5,1337.5,1337.5,1337.5,1337.5,1337.5,1337.5,1337.5,1337.5,1337.5,1337.5,1337.5,1337.5,1337.5,1337.5,1337.5,1337.5,1337.5,1337.5,1337.5,1337.5,1337.5,1337.5,1337.5,1337.5,1337.5,1337.5,1337.5,1337.5,1337.5,1337.5,1337.5,1337.5,1337.5,1337.5,1337.5,1337.5,1337.5,1337.5,1337.5,1337.5,1337.5,1337.5,1337.5,1337.5,1337.5,1337.5,1337.5,1337.5,1337.5
1350,1350,1350,1350,1350,1350,1350,1350,1350,1350,1350,1350,1350,1350,1350,1350,1350,1350,1350,1350,1350,1350,1350,1350,1350,1350,1350,1350,1350,1350,1350,1350,1350,1350,1350,1350,1350,1350,1350,1350,1350,1350,1350,1350,1350,1350,1350,1350,1350,1350,1350,1350,1350,1350,1350,1350,1350,1350,1350,1350,1350,1350,1350,1350,1350,1350,1350,1350,1350,1350,1350,1350,1350,1350,1350,1350,1350,1350,1350,1350,1350,1350,1350,1350,1350,1350,1350,1350,1350,1350,1350
